   5
   0
   4
   1
   9
   2
   1
   3
   1
   4
   3
   5
   3
   6
   1
   7
   2
   8
   6
   9
   4
   0
   9
   1
   1
   2
   4
   3
   2
   7
   3
   8
   6
   9
   0
   5
   6
   0
   7
   6
   1
   8
   7
   9
   3
   9
   8
   5
   9
   3
   3
   0
   7
   4
   9
   8
   0
   9
   4
   1
   4
   4
   6
   0
   4
   5
   6
   1
   0
   0
   1
   7
   1
   6
   3
   0
   2
   1
   1
   7
   9
   0
   2
   6
   7
   8
   3
   9
   0
   4
   6
   7
   4
   6
   8
   0
   7
   8
   3
   1
   5
   7
   1
   7
   1
   1
   6
   3
   0
   2
   9
   3
   1
   1
   0
   4
   9
   2
   0
   0
   2
   0
   2
   7
   1
   8
   6
   4
   1
   6
   3
   4
   5
   9
   1
   3
   3
   8
   5
   4
   7
   7
   4
   2
   8
   5
   8
   6
   7
   3
   4
   6
   1
   9
   9
   6
   0
   3
   7
   2
   8
   2
   9
   4
   4
   6
   4
   9
   7
   0
   9
   2
   9
   5
   1
   5
   9
   1
   2
   3
   2
   3
   5
   9
   1
   7
   6
   2
   8
   2
   2
   5
   0
   7
   4
   9
   7
   8
   3
   2
